1202242374426497
1202554340801024
1203075348126543
1202447172583049
1201964860384446
1201818861713420
1201818861713422
1201818861713424
1201789943282869
1202014043195010
1201754019504615
1204508872271856
1201705403189372
1201798304329051
1201986021063449
1201825769710896
1201825769710899
1201825769710902
1201825769710905
1201825769710908
1201825769710914
1201825769710917
1201825769710920
1201812451269828
1201841087081718
1201886999729325
1201883156311095
1201897915387716
1201897915387730
1201952334356237
1201962230215219
1201965863099865
1201974671442308
1201981276186920
1202002934417358
1202009694339128
1201748689161797
1202002931042508
1203871375816135
1202022266914417
1202037015880788
1202046700292513
1202058693959002
1203597245559030
1202059754853095
1202060259046857
1202063895156145
1203582498576751
1202110379993261
1202172700805668
1202179495815148
1202225687768354
1202219838572486
1202228087967280
1202036854516603
1202234254586807
1202258158890439
1202288699850141
1202295945711850
1202303654894537
1202359137845899
1202369072322042
1202369072322077
1202369072322202
1202447173304712
1202318597200092
1202447173304692
1202242374426440
1202738898849491
1202056869203842
1201818861713446
1202372029246979
1202491038743765
1202607080284085
1202848553891785
1202520759897281
1202521861305797
1202522222178887
1202522994704826
1202907084544730
1202536345732577
1202602186446441
1202627407047623
1202640188856188
1205116338152849
1205116269072108
1205116338148677
1205116582693770
1205116269072241
1205116269075876
1205116338152498
1205116582693774
1205116338158296
1205116269072112
1205116338152509
1205116269072115
1205116269076391
1205116338168237
1205116269072118
1205116269002959
1205116269002961
1205116582693792
1205116269072120
1205116582613136
1205116269072122
1205116582613140
1205116269002968
1205116582707388
1205116338164149
1205116337769057
1205116338164157
1205116582692235
1205116269094958
1205116582693553
1205116582693555
1205116582705717
1205116582705723
1205116582639439
1205116582704154
1205116268840220
1205116582704152
1205116269101099
1205116268840226
1205116338200475
1202695323060425
1205116269113393
1205116269113399
1205116269113407
1205116269113409
1205116269123970
1205116582742035
1205116582749867
1205116582749875
1205116337991454
1205116582692372
1205068541368221
1205116338250584
1205116269141358
1205116582776412
1205116338250332
1205047163225416
1205047163193773
1205061327709775
1205047163197659
1205047163106857
1205116269124085
1205061327709777
1205116582749894
1205047163197661
1205116582759610
1205061327705784
1205116582776416
1205047163225421
1205116338250343
1205047163277742
1205116338250345
1205068541394981
1205116338250600
1205061327705786
1205116582776418
1205047163250630
1205116338251115
1205116269141374
1205047163270060
1205116338268770
1205047163270062
1205116338268772
1205116338263808
1205116338268797
1202791384165583
1202000536766269
1202836442556416
1202879258631605
1202886283524187
1203026621741126
1203095042799449
1203230412573681
1203238530622854
1203274071574784
1203421664810763
1203421466439872
1203510210886740
1203517778407230
1203589042039543
1203589051895723
1203888238431612
1203823363176703
1203923142135108
1204198390607259
1204090735641220
1204090735641223
1204102221502927
1204132958404261
1204156700160636
1204157022222591
1204160799613275
1204185731298094
1204188408800953
1204188527763185
1204198307464631
1204304647467561
1204323498805727
1204350681149279
1204427002008575
1204427633484728
1204450835772108
1204451829149674
1204518331259387
1204553965475651
1202429234486077
1204555039450510
1204555051756722
1204554795915557
1204592014613694
1204597406526010
1204606958717298
1204613548547450
1204671414553136
1204680073742952
1204685855605058
1204716403164014
1204760709040833
1204761283502857
1204761167390436
1204807604708335
1204866389809890
1205012797232406
1205043075866674
1205060890791915
1205105981897846
1205104043394634
1205121376971151
1205128478746397
1205153937792144
1205163199160841
1205178095029481
1205225918112062
1205235067696368
1205235067696412
1205245385273235
1205251100973057
1205254213219740
1205276690257085
1205276690257087
1205371507094493
1205371507094499
1205378533659503
1205492162222146
1205601673047150
1205605620549469
1205622569103644
1205622569103652
1205622569103666
1205732132928958
1205766493900056
1205825378791671
1205825500787301
1205891699770627
1205922154693003
1205930478312125
1205939454770697
1205941856992349
1206005406876907
1206040652056214
1206071013308027
1206051795334565
1206119337516514
1206115862674204